,date_hour,Total_Cumulative_Rainfall_lag_0,Total_Cumulative_Rainfall_lag_2,Total_Cumulative_Rainfall_lag_4,Total_Cumulative_Rainfall_lag_6,Total_Cumulative_Rainfall_lag_12,gage_height
date_hour,1.0,0.008015970194874563,0.008029637429983307,0.008043314043724253,0.00805698838256705,0.008097992291849229,0.07349247465689916
Total_Cumulative_Rainfall_lag_0,0.008015970194874563,1.0,0.8461582915606572,0.720450688489563,0.6115319603518434,0.360114090235391,0.521255621238244
Total_Cumulative_Rainfall_lag_2,0.008029637429983307,0.8461582915606572,1.0,0.8461582915606575,0.7204506884895588,0.43038007715614873,0.5478116238758304
Total_Cumulative_Rainfall_lag_4,0.008043314043724253,0.720450688489563,0.8461582915606575,1.0,0.8461582915606473,0.5162017798117751,0.5519632134253815
Total_Cumulative_Rainfall_lag_6,0.00805698838256705,0.6115319603518434,0.7204506884895588,0.8461582915606473,1.0,0.6115319603518438,0.5383458997381803
Total_Cumulative_Rainfall_lag_12,0.008097992291849229,0.360114090235391,0.43038007715614873,0.5162017798117751,0.6115319603518438,1.0,0.4676047184675016
gage_height,0.07349247465689916,0.521255621238244,0.5478116238758304,0.5519632134253815,0.5383458997381803,0.4676047184675016,1.0
