,date_hour,Total_Cumulative_Rainfall_lag_0,Total_Cumulative_Rainfall_lag_2,Total_Cumulative_Rainfall_lag_4,Total_Cumulative_Rainfall_lag_6,Total_Cumulative_Rainfall_lag_12,gage_height
date_hour,1.0,0.014875391125466727,0.014897894367330494,0.014920397145466382,0.014942899666469847,0.015010141831241506,0.07349247465689916
Total_Cumulative_Rainfall_lag_0,0.014875391125466727,1.0,0.9854371318726205,0.9726747244142697,0.9596657184177011,0.9199076745013302,0.6157349963341555
Total_Cumulative_Rainfall_lag_2,0.014897894367330494,0.9854371318726205,1.0,0.9854371318726284,0.9726747244142775,0.9328431703545874,0.6142313093749632
Total_Cumulative_Rainfall_lag_4,0.014920397145466382,0.9726747244142697,0.9854371318726284,1.0,0.9854371318726174,0.9463268461388461,0.6100346877891486
Total_Cumulative_Rainfall_lag_6,0.014942899666469847,0.9596657184177011,0.9726747244142775,0.9854371318726174,1.0,0.9596657210958408,0.6034892429513848
Total_Cumulative_Rainfall_lag_12,0.015010141831241506,0.9199076745013302,0.9328431703545874,0.9463268461388461,0.9596657210958408,1.0,0.5802248055103807
gage_height,0.07349247465689916,0.6157349963341555,0.6142313093749632,0.6100346877891486,0.6034892429513848,0.5802248055103807,1.0
